fx=12
fy=17
nx=-1
evens=30
untilerr=21
steps=7
k=127
